0.0012981891632080078
0.0007650852203369141
0.0006670951843261719
0.0009350776672363281
0.0006518363952636719
0.0005369186401367188
0.0007841587066650391
0.0008461475372314453
0.0008020401000976562
0.0010328292846679688
0.0005910396575927734
0.0008649826049804688
0.0011439323425292969
0.0004961490631103516
0.0005538463592529297
0.0009238719940185547
0.0007040500640869141
0.0007650852203369141
0.0005519390106201172
0.0005879402160644531
0.0006871223449707031
0.0006949901580810547
0.0009210109710693359
0.0009100437164306641
0.0006468296051025391
0.0009951591491699219
0.0009241104125976562
0.0011630058288574219
0.0010559558868408203
0.0008401870727539062
0.0006840229034423828
0.0006909370422363281
0.0007169246673583984
0.0007948875427246094
0.0005271434783935547
0.0006129741668701172
0.0005178451538085938
0.0007281303405761719
0.0008411407470703125
0.0008089542388916016
0.0009348392486572266
0.0008280277252197266
0.000698089599609375
0.0007719993591308594
0.0009851455688476562
0.0008099079132080078
0.0008080005645751953
0.0007669925689697266
0.0007598400115966797
0.0007159709930419922
0.0007989406585693359
0.0005700588226318359
0.0006639957427978516
0.0007429122924804688
0.0007340908050537109
0.0004570484161376953
0.0007579326629638672
0.0005400180816650391
0.0006830692291259766
0.0005629062652587891
0.0007550716400146484
0.0008928775787353516
0.0005369186401367188
0.0007619857788085938
0.0005729198455810547
0.0005629062652587891
0.0009670257568359375
0.0005521774291992188
0.0005030632019042969
0.00090789794921875
0.0008089542388916016
0.0004930496215820312
0.00055694580078125
0.0007297992706298828
0.0008189678192138672
0.0005640983581542969
0.0005698204040527344
0.000762939453125
0.0007700920104980469
0.0007579326629638672
0.0005979537963867188
0.0008339881896972656
0.000843048095703125
0.0009450912475585938
0.0006589889526367188
0.0009810924530029297
0.0007469654083251953
0.0007510185241699219
0.0012788772583007812
0.0007889270782470703
0.0007960796356201172
4.696231842041016
3.6399478912353516
2.608304977416992
1.601073980331421
0.5920131206512451
