0.0009379386901855469
0.0011029243469238281
0.0010650157928466797
0.0016620159149169922
0.0011088848114013672
0.0012249946594238281
0.001775979995727539
0.0011320114135742188
0.001461029052734375
0.0015079975128173828
0.0016200542449951172
0.00102996826171875
0.0015368461608886719
0.0010790824890136719
0.0017170906066894531
0.0012121200561523438
0.0012979507446289062
0.0012929439544677734
0.001355886459350586
0.0009400844573974609
0.0012850761413574219
0.0015439987182617188
0.0012369155883789062
0.0008788108825683594
0.0009760856628417969
0.001116037368774414
0.0012199878692626953
0.00121307373046875
0.0009179115295410156
0.0017268657684326172
0.0009918212890625
0.0009341239929199219
0.0011661052703857422
0.0010478496551513672
0.0013229846954345703
0.0006291866302490234
0.0016720294952392578
0.001177072525024414
0.0013790130615234375
0.0012960433959960938
0.001188039779663086
0.0010750293731689453
0.001725912094116211
0.0011589527130126953
0.0009350776672363281
0.0011110305786132812
0.0011010169982910156
0.0015001296997070312
0.0010960102081298828
0.0013458728790283203
0.0010230541229248047
